H
#frequency    half width   %gauss/100.
20778.653      5.65            0.0
20744.971      2.30            0.0
19183.865      2.56            0.0
15361.881      2.47            0.0
14895.822      2.47            0.0
13061.480      2.38            0.0
12715.322      3.27            0.0
11589.269      2.65            0.0
11086.253      3.36            0.0
5592.108       2.65            0.0
3008.349       2.30            0.0
2971.743       2.83            0.0
2952.368       2.83            0.0
2932.998       2.91            0.0
2913.625       2.83            0.0
2894.255       2.83            0.0
