H
#frequency    half width   %gauss/100.
20778.873      5.74            0.0
20745.194      2.30            0.0
19183.952      2.56            0.0
15361.874      2.47            0.0
14895.806      2.47            0.0
13061.458      2.38            0.0
12715.369      3.27            0.0
11589.277      2.65            0.0
11086.260      3.36            0.0
5592.122       2.65            0.0
3008.376       2.30            0.0
2971.769       2.91            0.0
2952.397       2.83            0.0
2933.026       2.83            0.0
2913.653       2.91            0.0
2894.283       2.83            0.0
