H
#frequency    half width   %gauss/100.
20780.268      5.65            0.0
20746.587      2.30            0.0
19184.493      2.56            0.0
15361.933      2.47            0.0
14895.864      2.38            0.0
13061.353      2.38            0.0
12715.571      3.27            0.0
11589.346      2.65            0.0
11086.322      3.36            0.0
5592.100       2.65            0.0
3008.482       2.30            0.0
2971.881       2.91            0.0
2952.508       2.91            0.0
2933.135       2.83            0.0
2913.763       2.83            0.0
2894.392       2.91            0.0
