H
#frequency    half width   %gauss/100.
20778.766      5.74            0.0
20745.088      2.30            0.0
19183.909      2.47            0.0
15361.876      2.47            0.0
14895.811      2.47            0.0
13061.465      2.38            0.0
12715.346      3.27            0.0
11589.272      2.65            0.0
11086.251      3.36            0.0
5592.110       2.65            0.0
3008.360       2.30            0.0
2971.752       2.91            0.0
2952.379       2.83            0.0
2933.008       2.91            0.0
2913.635       2.83            0.0
2894.265       2.83            0.0
