H
#frequency    half width   %gauss/100.
20779.988      5.56            0.0
20746.207      2.21            0.0
19184.421      2.38            0.0
15361.849      2.38            0.0
14895.803      2.38            0.0
13061.518      2.30            0.0
12715.682      3.09            0.0
11589.407      2.47            0.0
11086.362      3.18            0.0
5592.288       2.47            0.0
3008.597       2.21            0.0
2972.003       2.74            0.0
2952.632       2.74            0.0
2933.260       2.74            0.0
2913.888       2.74            0.0
2894.517       2.74            0.0
