H
#frequency    half width   %gauss/100.
20778.495      5.65            0.0
20744.828      2.30            0.0
19183.803      2.56            0.0
15361.881      2.47            0.0
14895.829      2.47            0.0
13061.490      2.47            0.0
12715.291      3.27            0.0
11589.261      2.56            0.0
11086.245      3.36            0.0
5592.098       2.65            0.0
3008.332       2.30            0.0
2971.729       2.83            0.0
2952.355       2.83            0.0
2932.983       2.91            0.0
2913.610       2.83            0.0
2894.240       2.91            0.0
