H
#frequency    half width   %gauss/100.
20777.794      5.47            0.0
19183.692      2.38            0.0
15361.028      2.30            0.0
14895.276      2.30            0.0
13061.553      2.30            0.0
12715.605      3.09            0.0
11588.800      2.47            0.0
11084.673      3.18            0.0
5591.393       2.38            0.0
2990.990       2.74            0.0
2971.621       2.74            0.0
2952.251       2.65            0.0
2932.880       2.65            0.0
2913.508       2.74            0.0
2894.137       2.74            0.0
2874.765       2.74            0.0
