H
#frequency    half width   %gauss/100.
20777.867      5.56            0.0
19183.722      2.38            0.0
15361.024      2.30            0.0
14895.268      2.30            0.0
13061.544      2.30            0.0
12715.624      3.09            0.0
11588.804      2.47            0.0
11084.674      3.18            0.0
5591.401       2.47            0.0
2991.007       2.65            0.0
2971.638       2.74            0.0
2952.269       2.74            0.0
2932.896       2.65            0.0
2913.525       2.74            0.0
2894.155       2.74            0.0
2874.782       2.65            0.0
