H
#frequency    half width   %gauss/100.
20780.345      5.56            0.0
20746.560      2.12            0.0
19184.566      2.47            0.0
15361.855      2.38            0.0
14895.791      2.30            0.0
13061.489      2.21            0.0
12715.763      3.09            0.0
11589.432      2.47            0.0
11086.381      3.18            0.0
5592.315       2.47            0.0
3008.648       2.12            0.0
2972.056       2.74            0.0
2952.683       2.74            0.0
2933.312       2.74            0.0
2913.939       2.74            0.0
2894.568       2.74            0.0
