H
#frequency    half width   %gauss/100.
20780.089      5.56            0.0
20746.322      2.21            0.0
19184.463      2.47            0.0
15361.844      2.30            0.0
14895.793      2.30            0.0
13061.503      2.30            0.0
12715.702      3.09            0.0
11589.413      2.47            0.0
11086.369      3.18            0.0
5592.300       2.47            0.0
3008.613       2.21            0.0
2972.021       2.74            0.0
2952.650       2.74            0.0
2933.278       2.74            0.0
2913.906       2.65            0.0
2894.535       2.74            0.0
