H
#frequency    half width   %gauss/100.
20780.220      5.47            0.0
20746.444      2.21            0.0
19184.515      2.38            0.0
15361.849      2.38            0.0
14895.791      2.30            0.0
13061.494      2.21            0.0
12715.731      3.18            0.0
11589.419      2.47            0.0
11086.373      3.18            0.0
5592.305       2.47            0.0
3008.627       2.21            0.0
2972.037       2.74            0.0
2952.662       2.65            0.0
2933.292       2.74            0.0
2913.918       2.74            0.0
2894.548       2.74            0.0
