H
#frequency    half width   %gauss/100.
20780.150      5.65            0.0
20746.461      2.21            0.0
19184.448      2.56            0.0
15361.938      2.47            0.0
14895.875      2.38            0.0
13061.377      2.38            0.0
12715.554      3.27            0.0
11589.350      2.56            0.0
11086.329      3.36            0.0
5592.109       2.65            0.0
3008.480       2.30            0.0
2971.878       2.91            0.0
2952.504       2.91            0.0
2933.134       2.83            0.0
2913.761       2.83            0.0
2894.389       2.91            0.0
