H
#frequency    half width   %gauss/100.
20779.990      5.65            0.0
20746.314      2.30            0.0
19184.388      2.56            0.0
15361.929      2.47            0.0
14895.875      2.38            0.0
13061.388      2.38            0.0
12715.524      3.27            0.0
11589.341      2.65            0.0
11086.312      3.44            0.0
5592.102       2.65            0.0
3008.466       2.21            0.0
2971.863       2.91            0.0
2952.490       2.83            0.0
2933.118       2.83            0.0
2913.745       2.91            0.0
2894.374       2.83            0.0
