H
#frequency    half width   %gauss/100.
20779.817      5.56            0.0
20746.047      2.21            0.0
19184.350      2.38            0.0
15361.839      2.30            0.0
14895.802      2.38            0.0
13061.523      2.30            0.0
12715.636      3.18            0.0
11589.385      2.56            0.0
11086.349      3.27            0.0
5592.266       2.47            0.0
3008.564       2.12            0.0
2971.970       2.74            0.0
2952.597       2.74            0.0
2933.226       2.74            0.0
2913.853       2.74            0.0
2894.483       2.83            0.0
