H
#frequency    half width   %gauss/100.
20780.366      5.65            0.0
20746.687      2.30            0.0
19184.527      2.56            0.0
15361.934      2.47            0.0
14895.859      2.38            0.0
13061.345      2.38            0.0
12715.586      3.27            0.0
11589.349      2.65            0.0
11086.337      3.36            0.0
5592.105       2.65            0.0
3008.491       2.30            0.0
2971.889       2.83            0.0
2952.516       2.91            0.0
2933.145       2.83            0.0
2913.772       2.83            0.0
2894.400       2.91            0.0
