H
#frequency    half width   %gauss/100.
20780.604      5.65            0.0
20746.901      2.21            0.0
19184.616      2.56            0.0
15361.940      2.47            0.0
14895.853      2.38            0.0
13061.327      2.38            0.0
12715.630      3.27            0.0
11589.356      2.65            0.0
11086.340      3.36            0.0
5592.100       2.65            0.0
3008.499       2.30            0.0
2971.897       2.83            0.0
2952.523       2.91            0.0
2933.153       2.83            0.0
2913.780       2.83            0.0
2894.408       2.91            0.0
