H
#frequency    half width   %gauss/100.
20777.347      5.47            0.0
19183.512      2.38            0.0
15361.028      2.30            0.0
14895.296      2.30            0.0
13061.580      2.21            0.0
12715.505      3.09            0.0
11588.770      2.56            0.0
11084.645      3.27            0.0
5591.356       2.47            0.0
2990.927       2.74            0.0
2971.558       2.74            0.0
2952.188       2.74            0.0
2932.816       2.65            0.0
2913.445       2.65            0.0
2894.073       2.74            0.0
2874.702       2.74            0.0
