H
#frequency    half width   %gauss/100.
20777.481      5.47            0.0
19183.569      2.38            0.0
15361.029      2.30            0.0
14895.290      2.30            0.0
13061.573      2.21            0.0
12715.540      3.09            0.0
11588.782      2.47            0.0
11084.655      3.27            0.0
5591.374       2.47            0.0
2990.960       2.74            0.0
2971.587       2.74            0.0
2952.217       2.65            0.0
2932.845       2.74            0.0
2913.474       2.65            0.0
2894.104       2.74            0.0
2874.731       2.74            0.0
