H
#frequency    half width   %gauss/100.
20777.701      5.47            0.0
19183.656      2.38            0.0
15361.027      2.30            0.0
14895.278      2.38            0.0
13061.557      2.30            0.0
12715.588      3.09            0.0
11588.797      2.47            0.0
11084.667      3.18            0.0
5591.390       2.38            0.0
2990.983       2.74            0.0
2971.617       2.74            0.0
2952.247       2.65            0.0
2932.875       2.65            0.0
2913.504       2.74            0.0
2894.133       2.74            0.0
2874.762       2.74            0.0
