H
#frequency    half width   %gauss/100.
20777.610      5.47            0.0
19183.618      2.38            0.0
15361.031      2.30            0.0
14895.286      2.30            0.0
13061.567      2.21            0.0
12715.567      3.09            0.0
11588.793      2.47            0.0
11084.667      3.18            0.0
5591.385       2.47            0.0
2990.972       2.74            0.0
2971.602       2.74            0.0
2952.233       2.65            0.0
2932.860       2.74            0.0
2913.490       2.74            0.0
2894.117       2.65            0.0
2874.743       2.74            0.0
