H
#frequency    half width   %gauss/100.
20781.955      1.85            0.0
20747.302      0.79            0.0
19185.204      0.88            0.0
15362.774      0.79            0.0
14896.710      0.79            0.0
13062.294      0.79            0.0
12716.924      1.06            0.0
11590.497      0.88            0.0
11087.867      1.15            0.0
5593.992       0.97            0.0
3010.614       0.97            0.0
2974.131       1.15            0.0
2954.800       1.15            0.0
2935.440       1.15            0.0
