O 400.132571
-11000000
-10964844
-10929688
-10894531
-10859375
-10824219
-10789062
-10753906
-10718750
-10683594
-10648438
-10613281
-10578125
-10542969
-10507812
-10472656
-10437500
-10402344
-10367188
-10332031
-10296875
-10261719
-10226562
-10191406
-10156250
-10121094
-10085938
-10050781
-10015625
-9980469
-9945312
-9910156
-9875000
-9839844
-9804688
-9769531
-9734375
-9699219
-9664062
-9628906
-9593750
-9558594
-9523438
-9488281
-9453125
-9417969
-9382812
-9347656
-9312500
-9277344
-9242188
-9207031
-9171875
-9136719
-9101562
-9066406
-9031250
-8996094
-8960938
-8925781
-8890625
-8855469
-8820312
-8785156
-8750000
-8714844
-8679688
-8644531
-8609375
-8574219
-8539062
-8503906
-8468750
-8433594
-8398438
-8363281
-8328125
-8292969
-8257812
-8222656
-8187500
-8152344
-8117188
-8082031
-8046875
-8011719
-7976562
-7941406
-7906250
-7871094
-7835938
-7800781
-7765625
-7730469
-7695312
-7660156
-7625000
-7589844
-7554688
-7519531
-7484375
-7449219
-7414062
-7378906
-7343750
-7308594
-7273438
-7238281
-7203125
-7167969
-7132812
-7097656
-7062500
-7027344
-6992188
-6957031
-6921875
-6886719
-6851562
-6816406
-6781250
-6746094
-6710938
-6675781
-6640625
-6605469
-6570312
-6535156
-6500000
-6464844
-6429688
-6394531
-6359375
-6324219
-6289062
-6253906
-6218750
-6183594
-6148438
-6113281
-6078125
-6042969
-6007812
-5972656
-5937500
-5902344
-5867188
-5832031
-5796875
-5761719
-5726562
-5691406
-5656250
-5621094
-5585938
-5550781
-5515625
-5480469
-5445312
-5410156
-5375000
-5339844
-5304688
-5269531
-5234375
-5199219
-5164062
-5128906
-5093750
-5058594
-5023438
-4988281
-4953125
-4917969
-4882812
-4847656
-4812500
-4777344
-4742188
-4707031
-4671875
-4636719
-4601562
-4566406
-4531250
-4496094
-4460938
-4425781
-4390625
-4355469
-4320312
-4285156
-4250000
-4214844
-4179688
-4144531
-4109375
-4074219
-4039062
-4003906
-3968750
-3933594
-3898438
-3863281
-3828125
-3792969
-3757812
-3722656
-3687500
-3652344
-3617188
-3582031
-3546875
-3511719
-3476562
-3441406
-3406250
-3371094
-3335938
-3300781
-3265625
-3230469
-3195312
-3160156
-3125000
-3089844
-3054688
-3019531
-2984375
-2949219
-2914062
-2878906
-2843750
-2808594
-2773438
-2738281
-2703125
-2667969
-2632812
-2597656
-2562500
-2527344
-2492188
-2457031
-2421875
-2386719
-2351562
-2316406
-2281250
-2246094
-2210938
-2175781
-2140625
-2105469
-2070312
-2035156
-2000000
-1992172
-1984344
-1976517
-1968689
-1960861
-1953033
-1945205
-1937378
-1929550
-1921722
-1913894
-1906067
-1898239
-1890411
-1882583
-1874755
-1866928
-1859100
-1851272
-1843444
-1835616
-1827789
-1819961
-1812133
-1804305
-1796477
-1788650
-1780822
-1772994
-1765166
-1757339
-1749511
-1741683
-1733855
-1726027
-1718200
-1710372
-1702544
-1694716
-1686888
-1679061
-1671233
-1663405
-1655577
-1647750
-1639922
-1632094
-1624266
-1616438
-1608611
-1600783
-1592955
-1585127
-1577299
-1569472
-1561644
-1553816
-1545988
-1538160
-1530333
-1522505
-1514677
-1506849
-1499022
-1491194
-1483366
-1475538
-1467710
-1459883
-1452055
-1444227
-1436399
-1428571
-1420744
-1412916
-1405088
-1397260
-1389432
-1381605
-1373777
-1365949
-1358121
-1350294
-1342466
-1334638
-1326810
-1318982
-1311155
-1303327
-1295499
-1287671
-1279843
-1272016
-1264188
-1256360
-1248532
-1240705
-1232877
-1225049
-1217221
-1209393
-1201566
-1193738
-1185910
-1178082
-1170254
-1162427
-1154599
-1146771
-1138943
-1131115
-1123288
-1115460
-1107632
-1099804
-1091977
-1084149
-1076321
-1068493
-1060665
-1052838
-1045010
-1037182
-1029354
-1021526
-1013699
-1005871
 -998043
 -990215
 -982387
 -974560
 -966732
 -958904
 -951076
 -943249
 -935421
 -927593
 -919765
 -911937
 -904110
 -896282
 -888454
 -880626
 -872798
 -864971
 -857143
 -849315
 -841487
 -833659
 -825832
 -818004
 -810176
 -802348
 -794521
 -786693
 -778865
 -771037
 -763209
 -755382
 -747554
 -739726
 -731898
 -724070
 -716243
 -708415
 -700587
 -692759
 -684932
 -677104
 -669276
 -661448
 -653620
 -645793
 -637965
 -630137
 -622309
 -614481
 -606654
 -598826
 -590998
 -583170
 -575342
 -567515
 -559687
 -551859
 -544031
 -536204
 -528376
 -520548
 -512720
 -504892
 -497065
 -489237
 -481409
 -473581
 -465753
 -457926
 -450098
 -442270
 -434442
 -426614
 -418787
 -410959
 -403131
 -395303
 -387476
 -379648
 -371820
 -363992
 -356164
 -348337
 -340509
 -332681
 -324853
 -317025
 -309198
 -301370
 -293542
 -285714
 -277886
 -270059
 -262231
 -254403
 -246575
 -238748
 -230920
 -223092
 -215264
 -207436
 -199609
 -191781
 -183953
 -176125
 -168297
 -160470
 -152642
 -144814
 -136986
 -129159
 -121331
 -113503
 -105675
  -97847
  -90020
  -82192
  -74364
  -66536
  -58708
  -50881
  -43053
  -35225
  -27397
  -19569
  -11742
   -3914
    3914
   11742
   19569
   27397
   35225
   43053
   50881
   58708
   66536
   74364
   82192
   90020
   97847
  105675
  113503
  121331
  129159
  136986
  144814
  152642
  160470
  168297
  176125
  183953
  191781
  199609
  207436
  215264
  223092
  230920
  238748
  246575
  254403
  262231
  270059
  277886
  285714
  293542
  301370
  309198
  317025
  324853
  332681
  340509
  348337
  356164
  363992
  371820
  379648
  387476
  395303
  403131
  410959
  418787
  426614
  434442
  442270
  450098
  457926
  465753
  473581
  481409
  489237
  497065
  504892
  512720
  520548
  528376
  536204
  544031
  551859
  559687
  567515
  575342
  583170
  590998
  598826
  606654
  614481
  622309
  630137
  637965
  645793
  653620
  661448
  669276
  677104
  684932
  692759
  700587
  708415
  716243
  724070
  731898
  739726
  747554
  755382
  763209
  771037
  778865
  786693
  794521
  802348
  810176
  818004
  825832
  833659
  841487
  849315
  857143
  864971
  872798
  880626
  888454
  896282
  904110
  911937
  919765
  927593
  935421
  943249
  951076
  958904
  966732
  974560
  982387
  990215
  998043
 1005871
 1013699
 1021526
 1029354
 1037182
 1045010
 1052838
 1060665
 1068493
 1076321
 1084149
 1091977
 1099804
 1107632
 1115460
 1123288
 1131115
 1138943
 1146771
 1154599
 1162427
 1170254
 1178082
 1185910
 1193738
 1201566
 1209393
 1217221
 1225049
 1232877
 1240705
 1248532
 1256360
 1264188
 1272016
 1279843
 1287671
 1295499
 1303327
 1311155
 1318982
 1326810
 1334638
 1342466
 1350294
 1358121
 1365949
 1373777
 1381605
 1389432
 1397260
 1405088
 1412916
 1420744
 1428571
 1436399
 1444227
 1452055
 1459883
 1467710
 1475538
 1483366
 1491194
 1499022
 1506849
 1514677
 1522505
 1530333
 1538160
 1545988
 1553816
 1561644
 1569472
 1577299
 1585127
 1592955
 1600783
 1608611
 1616438
 1624266
 1632094
 1639922
 1647750
 1655577
 1663405
 1671233
 1679061
 1686888
 1694716
 1702544
 1710372
 1718200
 1726027
 1733855
 1741683
 1749511
 1757339
 1765166
 1772994
 1780822
 1788650
 1796477
 1804305
 1812133
 1819961
 1827789
 1835616
 1843444
 1851272
 1859100
 1866928
 1874755
 1882583
 1890411
 1898239
 1906067
 1913894
 1921722
 1929550
 1937378
 1945205
 1953033
 1960861
 1968689
 1976517
 1984344
 1992172
 2000000
 2035156
 2070312
 2105469
 2140625
 2175781
 2210937
 2246094
 2281250
 2316406
 2351562
 2386719
 2421875
 2457031
 2492187
 2527344
 2562500
 2597656
 2632812
 2667969
 2703125
 2738281
 2773437
 2808594
 2843750
 2878906
 2914062
 2949219
 2984375
 3019531
 3054687
 3089844
 3125000
 3160156
 3195312
 3230469
 3265625
 3300781
 3335937
 3371094
 3406250
 3441406
 3476562
 3511719
 3546875
 3582031
 3617187
 3652344
 3687500
 3722656
 3757812
 3792969
 3828125
 3863281
 3898437
 3933594
 3968750
 4003906
 4039062
 4074219
 4109375
 4144531
 4179687
 4214844
 4250000
 4285156
 4320312
 4355469
 4390625
 4425781
 4460937
 4496094
 4531250
 4566406
 4601562
 4636719
 4671875
 4707031
 4742187
 4777344
 4812500
 4847656
 4882812
 4917969
 4953125
 4988281
 5023437
 5058594
 5093750
 5128906
 5164062
 5199219
 5234375
 5269531
 5304687
 5339844
 5375000
 5410156
 5445312
 5480469
 5515625
 5550781
 5585937
 5621094
 5656250
 5691406
 5726562
 5761719
 5796875
 5832031
 5867187
 5902344
 5937500
 5972656
 6007812
 6042969
 6078125
 6113281
 6148437
 6183594
 6218750
 6253906
 6289062
 6324219
 6359375
 6394531
 6429687
 6464844
 6500000
 6535156
 6570312
 6605469
 6640625
 6675781
 6710937
 6746094
 6781250
 6816406
 6851562
 6886719
 6921875
 6957031
 6992187
 7027344
 7062500
 7097656
 7132812
 7167969
 7203125
 7238281
 7273437
 7308594
 7343750
 7378906
 7414062
 7449219
 7484375
 7519531
 7554687
 7589844
 7625000
 7660156
 7695312
 7730469
 7765625
 7800781
 7835937
 7871094
 7906250
 7941406
 7976562
 8011719
 8046875
 8082031
 8117187
 8152344
 8187500
 8222656
 8257812
 8292969
 8328125
 8363281
 8398437
 8433594
 8468750
 8503906
 8539062
 8574219
 8609375
 8644531
 8679687
 8714844
 8750000
 8785156
 8820312
 8855469
 8890625
 8925781
 8960937
 8996094
 9031250
 9066406
 9101562
 9136719
 9171875
 9207031
 9242187
 9277344
 9312500
 9347656
 9382812
 9417969
 9453125
 9488281
 9523437
 9558594
 9593750
 9628906
 9664062
 9699219
 9734375
 9769531
 9804687
 9839844
 9875000
 9910156
 9945312
 9980469
10015625
10050781
10085937
10121094
10156250
10191406
10226562
10261719
10296875
10332031
10367187
10402344
10437500
10472656
10507812
10542969
10578125
10613281
10648437
10683594
10718750
10753906
10789062
10824219
10859375
10894531
10929687
10964844
11000000
