H
#frequency    half width   %gauss/100.
20778.940      5.65            0.0
20745.280      2.30            0.0
19183.983      2.56            0.0
15361.868      2.47            0.0
14895.798      2.47            0.0
13061.452      2.38            0.0
12715.389      3.27            0.0
11589.283      2.65            0.0
11086.271      3.36            0.0
5592.139       2.56            0.0
3008.400       2.30            0.0
2971.795       2.83            0.0
2952.422       2.91            0.0
2933.051       2.83            0.0
2913.679       2.83            0.0
2894.308       2.91            0.0
