H
#frequency    half width   %gauss/100.
20780.440      5.56            0.0
20746.659      2.21            0.0
19184.604      2.38            0.0
15361.854      2.38            0.0
14895.785      2.30            0.0
13061.478      2.30            0.0
12715.784      3.09            0.0
11589.435      2.47            0.0
11086.381      3.18            0.0
5592.319       2.47            0.0
3008.659       2.12            0.0
2972.068       2.74            0.0
2952.694       2.74            0.0
2933.324       2.65            0.0
2913.951       2.74            0.0
2894.580       2.74            0.0
