H
#frequency    half width   %gauss/100.
20779.057      5.74            0.0
20745.381      2.30            0.0
19184.027      2.56            0.0
15361.871      2.47            0.0
14895.797      2.47            0.0
13061.450      2.38            0.0
12715.411      3.27            0.0
11589.288      2.65            0.0
11086.280      3.36            0.0
5592.144       2.65            0.0
3008.406       2.30            0.0
2971.802       2.83            0.0
2952.428       2.91            0.0
2933.056       2.83            0.0
2913.683       2.83            0.0
2894.315       2.91            0.0
